1481
3801
4178
4291
4293
4689
5280
5545
5571
5739
6161
6365
6388
6412
6939
7498
7559
7773
8034
8111
8680
8795
9393
9710
9946
10481
10550
11053
11048
11072
11244
11252
11385
12393
12449
13197
14292
14714
14820
15152
15579
15785
15868
16294
16385
16642
16838
17425
17841
17908
19192
19384
19661
19835
23338
23356
23375
23390
23407
25673
25667
25685
25692
27143
34344
34368
34465
34457
34488
35263
35832
36276
36477
37099
37107
37341
37345
37675
38364
38716
39403
39393
39401
39394
39385
39464
39469
39468
39472
39477
39474
39475
39480
39476
39478
39482
39501
39550
39585
39580
39591
39605
39600
39601
39606
39735
40294
40359
40358
40363
40418
40422
40500
40501
40505
40690
40757
40756
40804
40849
40872
40889
40890
40958
41046
41070
41096
41313
41322
41333
41383
41420
41473
41599
41714
41719
42521
45217
46186
46538
46660
46769
46807
47129
47273
47371
50983
51207
53207
53377
53688
53959
54510
54943
55759
56997
60030
60616
61116
61928
62460
62530
62648
63144
65671
66142
66163
69932
70813
71072
71744
72044
72409
72412
73039
73414
75697
75695
75832
75825
75809
75923
75922
75965
76125
76221
76247
77219
77444
77692
77799
78885
79505
79641
79644
79750
79897
79903
79905
79900
79904
80092
80147
80324
80479
80631
81089
81399
82271
82785
84597
84653
85181
85565
85853
86804
86998
87729
87939
88231
89387
89413
90156
90898
92089
93595
93993
94082
94487
94489
94995
95912
95993
96229
96311
97079
98584
98734
98748
99062
99329
99690
99689
99885
100174
100395
100481
101366
101755
101758
101757
101756
101933
102229
102228
102230
102227
102843
102892
104065
108334
108810
109423
112251
112310
112824
112905
113555
113871
114259
114248
114260
114258
114254
114257
114256
114333
114844
115800
116660
116936
117041
117412
118102
118421
119448
119819
120131
120145
121425
121734
122521
123513
123961
125665
125805
126193
126257
126325
126333
126393
126677
126681
127123
127162
127177
127180
127315
127323
127402
127405
127401
127403
127408
127475
127482
127484
127478
127483
127477
127571
127573
127575
127693
127702
127812
127910
127914
127915
128279
128350
128513
128510
128515
128516
128915
128953
128972
129114
129116
129168
129182
129180
129183
129161
129185
129179
129181
129314
129463
129466
129473
129470
129477
129480
129483
129484
129486
129482
129488
129489
129491
129494
129487
129490
129499
129498
129496
129497
129552
129554
129559
129561
129568
129563
129567
129580
129578
129584
129581
129588
129573
129589
129585
129590
129577
129594
129597
129604
129600
129599
129602
129598
129603
129608
129614
129606
129619
129615
129621
129617
129620
129616
129611
129623
129622
129630
129629
129634
129639
129692
129970
130103
130105
130110
130117
130116
130111
130233
130232
130236
130238
130252
130253
130251
130237
130281
130285
130284
130289
130282
130851
130849
130867
130859
131236
131269
132407
133052
133932
135338
135398
135951
136686
137373
137527
137940
138695
138831
139400
139535
139539
139549
139558
139550
139538
139551
139537
139545
139548
139540
139556
139563
139553
139552
139544
139561
139559
139546
139543
139562
139557
139560
141142
141931
142189
142521
142629
144060
144100
144654
144774
145801
146322
147011
152104
152196
152889
152893
153149
153476
153915
154795
156027
156061
156132
156186
156754
158467
158463
158457
158464
159295
160519
160642
161004
162123
162424
162891
163268
163281
163282
163277
163280
163315
163633
163731
163994
164352
165086
165180
166235
166542
166779
166774
167777
167801
167919
168011
168569
168596
168619
169372
169421
169416
169425
169434
169427
169426
169429
169430
169436
169441
169443
169447
169449
169440
169439
169455
169453
169454
169510
169514
169525
169542
169534
169558
169557
169562
169554
169563
169544
169532
169605
170270
170381
170469
170473
170564
171776
171873
171894
171883
173339
173572
174084
174438
174470
174520
174524
174528
174525
174533
176593
176748
176791
176873
177016
177278
177310
177326
177329
177328
177327
178076
178703
178685
179087
179162
180102
180116
180124
180126
180123
180154
181204
181342
182347
182433
182489
182534
182835
182970
183539
183836
184126
184457
184482
185145
186002
186732
186738
186834
186857
186865
186886
188191
188300
188356
189013
189077
189154
189156
189555
189730
189731
189733
189732
189736
189734
189802
189884
189956
190160
190888
190892
191901
192921
193000
193033
193054
193055
193329
194397
194598
196690
196718
196716
196715
196817
197050
197260
197263
197983
198053
198229
198487
198486
198789
199100
199176
199653
199658
199661
199659
199660
199657
202015
202226
203488
203724
204993
206331
206416
206413
206417
206585
206891
207023
207045
207148
207240
207241
207544
208513
208714
208792
209036
209197
209451
209563
209637
209639
209967
210011
210309
210512
210784
210779
211387
212568
213472
213618
214086
214135
214502
214554
214738
215002
215208
215270
215314
215313
215400
215682
216609
216646
216717
217062
217874
218013
218254
218317
218316
218361
218732
219074
219447
219500
220835
221540
221768
221764
221771
221776
221774
221812
221836
221830
221826
221980
222325
222329
222522
223123
223623
223684
223688
224274
224272
224964
224963
224967
225036
225038
225035
225040
225119
225679
225683
225713
225839
225932
225930
225958
225962
226186
226197
226465
226584
226967
230488
230551
230650
230731
230836
231368
231488
232235
233743
236682
237187
237549
237816
237904
238966
239031
239037
239407
239461
239852
240479
240608
240607
240668
241440
242703
242822
242872
242984
243060
243737
243894
244027
244081
244080
244861
245231
245246
245303
245619
245661
245678
245918
246012
246257
246287
246711
246999
247086
247470
247793
247961
248098
248099
248101
248100
248102
249141
249340
249410
249837
249995
250837
250982
251247
251527
251944
251947
252754
252850
253315
253692
253855
253973
254215
254383
254867
262644
263966
264059
264175
264899
265915
265947
266045
266449
266456
266464
266468
266514
266513
266516
266515
266682
266687
266684
266696
266693
266694
266690
266700
266697
266691
266740
266901
266948
267037
267036
267041
267042
267044
267043
267040
267046
267045
267048
267053
267050
267098
267094
267091
267092
267090
267109
267093
267095
267096
267099
267112
267110
267100
267035
267425
267434
267427
267433
267742
267865
267866
267863
267871
267874
267878
267879
267877
267881
267977
267980
267979
267978
267981
267984
268332
268330
268328
268326
268331
268335
269427
269656
269872
269875
269988
269991
269990
269987
269992
269994
269993
269989
270001
270000
270002
270004
270420
270847
272072
272352
277491
281959
282193
282225
282295
282294
282297
284949
285042
285458
286280
286860
286859
287243
287290
287292
287293
287341
288327
288375
288638
288911
289129
289150
290260
290388
290468
290777
290779
290781
291353
291460
291671
292129
295089
295778
295802
296121
296461
298472
299482
300079
300307
300306
300706
300704
300917
301536
303439
303501
303611
303616
303802
303885
303886
303890
303892
304252
304413
305761
305769
306169
306396
307169
307268
308071
308245
308750
308954
309141
309562
310025
311559
312385
313086
313206
313201
313215
313217
313823
316307
316373
316378
316379
316377
316381
316382
316385
316384
316386
316423
316422
316583
316581
316579
316585
316605
316797
318930
319809
320004
320275
320344
320359
320375
320378
320884
320965
321606
323467
324043
324038
325468
326404
326712
327490
327852
327964
331091
333229
333235
333232
333228
333230
333233
333236
333234
333256
333254
333253
333255
333257
333260
333259
333262
333263
333258
333267
333265
333266
333268
333270
333280
333272
333645
333874
334559
334999
335003
335004
335002
335001
335009
335008
335010
335016
335014
335163
335178
335194
335202
335195
335196
335198
335201
335206
335208
335209
335211
335213
335569
335768
336321
336320
336322
336533
336531
336532
336536
336534
336530
336539
336550
336553
336552
336556
336561
336566
336659
336658
336660
336672
336685
336678
336661
336680
336666
336683
336684
336690
336699
336702
336706
336716
336733
336731
336734
336726
336729
336741
336742
336750
336743
336746
336756
337323
337329
337532
337550
337555
337706
337717
337721
337726
337734
337852
337850
337881
337869
337883
339714
339718
339720
339715
339719
339723
339721
339717
339725
339727
339726
339722
339728
339738
339733
339731
339736
