1481
3801
4178
4291
4293
4689
5280
5545
5571
5739
6161
6365
6388
6412
6939
7498
7559
7773
8034
8111
8680
8795
9393
9710
9946
10481
10550
11048
11053
11072
11252
11244
11385
12393
12449
13197
14292
14714
14820
15152
15579
15785
15868
16294
16385
16642
16838
17425
17841
17908
19192
19384
19661
19835
23338
23356
23375
23390
23407
25667
25673
25685
25692
27143
34344
34368
34457
34465
34488
35263
35832
36276
36477
37107
37099
37341
37345
37675
38364
38716
39385
39393
39401
39394
39403
39468
39476
39472
39464
39469
39477
39474
39478
39475
39480
39482
39501
39550
39580
39585
39591
39605
39601
39606
39600
39735
40294
40359
40363
40358
40418
40422
40501
40505
40500
40690
40757
40756
40804
40849
40872
40890
40889
40958
41046
41070
41096
41322
41333
41313
41383
41420
41473
41599
41714
41719
42521
45217
46186
46538
46660
46769
46807
47129
47273
47371
50983
51207
53207
53377
53688
53959
54510
54943
55759
56997
60030
60616
61116
61928
62460
62530
62648
63144
65671
66142
66163
69932
70813
71072
71744
72044
72409
72412
73039
73414
75697
75695
75832
75809
75825
75922
75923
75965
76125
76221
76247
77219
77444
77692
77799
78885
79505
79641
79644
79750
79904
79905
79903
79897
79900
80092
80147
80324
80479
80631
81089
81399
82271
82785
84597
84653
85181
85565
85853
86804
86998
87729
87939
88231
89387
89413
90156
90898
92089
93595
93993
94082
94487
94489
94995
95912
95993
96229
96311
97079
98584
98734
98748
99062
99329
99690
99689
99885
100174
100395
100481
101366
101755
101756
101757
101758
101933
102230
102228
102227
102229
102843
102892
104065
108334
108810
109423
112251
112310
112824
112905
113555
113871
114248
114254
114256
114258
114260
114259
114257
114333
114844
115800
116660
116936
117041
117412
118102
118421
119448
119819
120131
120145
121425
121734
122521
123513
123961
125665
125805
126193
126257
126325
126333
126393
126681
126677
127123
127162
127180
127177
127315
127323
127402
127401
127403
127405
127408
127477
127475
127478
127484
127483
127482
127575
127571
127573
127702
127693
127812
127910
127914
127915
128279
128350
128513
128516
128510
128515
128915
128953
128972
129114
129116
129180
129161
129168
129179
129183
129181
129185
129182
129314
129463
129473
129466
129480
129470
129477
129486
129489
129483
129491
129490
129487
129488
129484
129497
129496
129482
129494
129498
129499
129552
129554
129559
129563
129561
129567
129568
129573
129580
129581
129584
129589
129578
129585
129590
129588
129577
129597
129598
129594
129603
129602
129600
129604
129599
129608
129615
129616
129611
129606
129614
129622
129617
129619
129620
129623
129621
129634
129630
129629
129639
129692
129970
130105
130103
130117
130111
130110
130116
130236
130233
130232
130237
130238
130252
130251
130253
130284
130282
130281
130285
130289
130851
130849
130859
130867
131236
131269
132407
133052
133932
135338
135398
135951
136686
137373
137527
137940
138695
138831
139400
139540
139535
139545
139550
139548
139538
139543
139558
139551
139552
139539
139544
139559
139557
139556
139537
139549
139546
139553
139560
139561
139563
139562
141142
141931
142189
142521
142629
144060
144100
144654
144774
145801
146322
147011
152104
152196
152893
152889
153149
153476
153915
154795
156027
156061
156132
156186
156754
158463
158464
158467
158457
159295
160519
160642
161004
162123
162424
162891
163268
163280
163281
163282
163277
163315
163633
163731
163994
164352
165086
165180
166235
166542
166774
166779
167777
167801
167919
168011
168569
168596
168619
169372
169425
169421
169429
169427
169416
169439
169434
169426
169430
169436
169441
169443
169449
169440
169447
169453
169455
169454
169514
169510
169542
169534
169525
169532
169544
169557
169554
169558
169562
169563
169605
170270
170381
170469
170473
170564
171776
171873
171883
171894
173339
173572
174084
174438
174470
174524
174525
174528
174533
174520
176593
176748
176791
176873
177016
177278
177310
177329
177328
177327
177326
178076
178685
178703
179087
179162
180102
180116
180123
180124
180126
180154
181204
181342
182347
182433
182489
182534
182835
182970
183539
183836
184126
184457
184482
185145
186002
186738
186732
186834
186857
186865
186886
188191
188300
188356
189013
189077
189154
189156
189555
189732
189734
189730
189736
189733
189731
189802
189884
189956
190160
190892
190888
191901
192921
193000
193033
193054
193055
193329
194397
194598
196690
196718
196716
196715
196817
197050
197260
197263
197983
198053
198229
198487
198486
198789
199100
199176
199657
199660
199658
199661
199659
199653
202015
202226
203488
203724
204993
206331
206416
206413
206417
206585
206891
207023
207045
207148
207240
207241
207544
208513
208714
208792
209036
209197
209451
209563
209637
209639
209967
210011
210309
210512
210784
210779
211387
212568
213472
213618
214086
214135
214502
214554
214738
215002
215208
215270
215314
215313
215400
215682
216609
216646
216717
217062
217874
218013
218254
218317
218316
218361
218732
219074
219447
219500
220835
221540
221764
221768
221771
221774
221776
221812
221830
221826
221836
221980
222329
222325
222522
223123
223623
223684
223688
224272
224274
224964
224963
224967
225035
225038
225040
225036
225119
225679
225683
225713
225839
225930
225932
225962
225958
226186
226197
226465
226584
226967
230488
230551
230650
230731
230836
231368
231488
232235
233743
236682
237187
237549
237816
237904
238966
239037
239031
239407
239461
239852
240479
240608
240607
240668
241440
242703
242822
242872
242984
243060
243737
243894
244027
244081
244080
244861
245231
245246
245303
245619
245661
245678
245918
246012
246257
246287
246711
246999
247086
247470
247793
247961
248098
248100
248102
248101
248099
249141
249340
249410
249837
249995
250837
250982
251247
251527
251944
251947
252754
252850
253315
253692
253855
253973
254215
254383
254867
262644
263966
264059
264175
264899
265915
265947
266045
266449
266456
266468
266464
266515
266513
266514
266516
266690
266691
266682
266684
266693
266694
266696
266687
266697
266700
266740
266901
266948
267035
267037
267042
267036
267041
267040
267043
267044
267046
267050
267053
267045
267048
267090
267092
267095
267099
267098
267096
267091
267094
267100
267093
267112
267109
267110
267427
267433
267434
267425
267742
267874
267863
267871
267866
267865
267878
267877
267879
267881
267978
267979
267984
267977
267981
267980
268330
268328
268326
268331
268335
268332
269427
269656
269872
269875
269987
269989
269990
269991
269988
270001
270002
270000
269993
270004
269992
269994
270420
270847
272072
272352
277491
281959
282193
282225
282295
282297
282294
284949
285042
285458
286280
286860
286859
287243
287290
287292
287293
287341
288327
288375
288638
288911
289129
289150
290260
290388
290468
290777
290781
290779
291353
291460
291671
292129
295089
295778
295802
296121
296461
298472
299482
300079
300307
300306
300704
300706
300917
301536
303439
303501
303616
303611
303802
303886
303890
303892
303885
304252
304413
305761
305769
306169
306396
307169
307268
308071
308245
308750
308954
309141
309562
310025
311559
312385
313086
313201
313206
313215
313217
313823
316307
316373
316379
316382
316381
316385
316378
316384
316377
316386
316423
316422
316583
316581
316585
316579
316605
316797
318930
319809
320004
320275
320344
320359
320375
320378
320884
320965
321606
323467
324038
324043
325468
326404
326712
327490
327852
327964
331091
333229
333235
333228
333234
333232
333230
333236
333253
333254
333233
333255
333256
333257
333265
333260
333259
333263
333262
333272
333267
333268
333266
333280
333258
333270
333645
333874
334559
335001
335004
335003
335002
335014
335009
334999
335010
335008
335016
335163
335178
335196
335194
335195
335201
335198
335202
335206
335211
335213
335208
335209
335569
335768
336322
336321
336320
336533
336534
336530
336536
336531
336532
336539
336550
336553
336552
336556
336566
336561
336660
336658
336659
336661
336666
336672
336678
336685
336684
336680
336690
336683
336699
336702
336729
336716
336726
336706
336731
336733
336734
336741
336742
336743
336750
336746
336756
337329
337323
337532
337550
337555
337706
337717
337721
337726
337734
337852
337850
337883
337881
337869
339715
339717
339720
339721
339722
339719
339714
339718
339723
339725
339727
339728
339726
339736
339738
339731
339733
339739
339747
339753
339751
339752
339755
339883
339886
339888
339885
339889
339897
339891
339892
339894
339896
339898
339904
339893
339907
339906
339909
339913
339915
339919
339917
340031
340042
340065
340070
340074
340075
340078
340086
340082
340083
340088
340081
340084
340235
340238
340459
340697
340889
340901
340902
340899
340908
340913
340910
340916
340911
340919
340920
340925
340922
340924
340926
341204
341214
342770
342768
348199
348970
349131
350680
354041
354731
357619
358571
358924
361952
362520
364796
364866
364864
364865
365679
365774
367673
368532
369593
372473
378302
385471
391455
406804
410178
423098
423119
423790
428915
454832
457719
460647
